32286
71382
98523
4692
74788
77794
93650
53194
77230
16058
42065
55801
50578
42255
79959
55436
34311
59934
51933
16369
44626
34294
249
32735
19908
82424
36763
4907
77714
75854
11259
94050
42685
78181
15258
23093
29508
80689
42713
14551
28182
7368
46660
83541
79609
56125
83165
79923
45467
53822
1016
16752
78067
94309
87457
62411
1745
71714
37344
22812
29405
82216
85505
85773
4145
59225
41014
33653
38828
99310
22960
31275
76890
23160
39039
12844
13785
4318
26487
56105
14938
55182
46172
79217
4003
75862
19803
89451
79640
34367
23743
71486
13022
18268
49694
9858
27389
4320
13512
22713
47411
79356
87060
66304
7613
78801
77090
95732
42538
6290
61389
75101
97798
85952
75880
15486
39455
28001
38428
6083
32052
76521
39013
57973
21378
42072
81814
44838
85609
48199
39761
20221
31072
12884
2542
21856
83083
25306
15108
44591
52116
48845
40185
71182
9916
16472
46641
37596
12711
17127
53819
66550
95196
88829
30187
3336
25852
67717
15678
97000
39614
5784
45745
81884
63128
25565
62409
99059
6757
59569
30060
20158
52899
81021
11328
16032
70241
94419
67037
35487
21146
9589
60902
51007
45523
54087
11204
72129
62003
40456
39478
97547
49621
96707
28323
45307
51675
15087
77387
31942
86652
1746
55035
4462
2972
69029
45425
36369
19671
52403
70058
11097
43190
50501
69209
41569
64912
88025
46023
33918
88712
7686
5894
67048
78198
86643
52665
45355
8422
65473
18423
60750
85190
80093
73208
21745
38750
92831
29594
37096
19689
76234
66974
46139
13431
76744
37371
8655
66225
11942
18537
98251
95958
80386
32396
2471
84697
27049
33933
65101
5457
38764
27661
56095
8623
37303
77694
7274
48878
50442
18267
91156
4198
77733
88940
39884
29984
17123
91650
35907
76463
29898
15755
39061
16110
10621
57883
66072
50533
149
34188
24760
18046
41250
61415
23551
34290
4375
78641
55521
68907
33835
62959
91378
33124
13486
71231
74468
25335
14628
99249
43971
49799
58314
7700
78013
23700
15312
14664
59914
97312
77510
43236
41178
20718
28677
35410
83396
41026
154
56031
93675
30046
73128
10230
17756
43665
72240
6991
37906
19077
82676
67092
91837
99899
95970
26071
25729
70085
26749
19346
68605
88366
18570
56986
46234
76903
67731
55840
10639
87730
72670
29860
46718
50070
37100
57440
94830
96290
51805
11868
68773
61743
22739
18862
49791
45306
12628
1906
82103
39607
7453
82888
38245
65945
65153
56181
59098
5646
3109
39171
55763
82296
72180
93984
57456
27669
80091
70269
86625
60705
40234
19748
14397
32373
59096
47189
2680
72855
25144
68248
93661
54905
30897
44627
43099
26152
31703
61736
1301
58227
86044
6199
46524
52200
25585
45067
22020
16264
25487
87401
71490
3849
84795
82577
82873
10504
44184
69582
48522
20978
19998
50613
8823
26599
26380
16754
8805
80753
20933
12981
36144
71658
96999
53418
50611
78364
68638
73985
34479
22064
89408
62052
25050
39450
98357
32123
1304
26442
56856
39325
72506
78355
24442
91932
87448
86487
80739
3849
25872
40123
44964
40480
94895
86010
44855
75650
32923
15970
31240
14384
9704
91331
35194
16644
85449
45201
71203
71023
39710
56284
27392
93654
93530
23306
66386
63199
79493
77231
63796
70300
15501
20022
21453
38145
31611
17126
63669
16494
37602
65351
45339
56679
49762
68080
41796
57668
50411
28996
1778
95449
67728
16860
35189
55060
87233
76035
11409
30572
35738
99925
1441
11984
10025
96579
72947
24242
72996
32761
99391
44583
33307
19113
84090
82248
20715
9601
45898
35486
30864
90983
38080
10814
31504
71408
59902
99191
46118
46314
59924
54322
91450
83687
34229
50615
47077
2249
54593
60606
42606
7491
8727
7598
44671
83395
90214
53090
31244
95170
62768
81620
91312
9450
9675
97877
7630
24116
5877
78450
19901
66641
43797
9464
52845
34181
56419
63510
62278
50593
4576
60198
32183
54496
69577
94976
84479
748
35222
9171
64509
52964
8607
67878
50641
76040
36337
9636
40145
49304
19239
24181
79679
71145
59787
57044
77643
18352
39872
88185
16031
38299
69229
81455
59565
33938
35107
7009
45770
80651
65695
94274
42127
81587
48301
33854
13952
41699
84607
61298
42325
92749
2376
49294
70892
33638
65229
24935
54873
85163
3833
62100
35079
1431
66569
66730
26088
98105
88185
54030
42202
55064
36996
66894
61545
25241
73319
45960
49033
88294
58795
93667
77124
38931
37300
80274
40500
10677
37318
57925
19052
90394
13966
75366
7520
20695
30949
458
83932
18842
92469
49210
1977
15991
5771
80008
1503
66963
50504
20535
35337
77480
81404
8468
65573
70699
77669
22354
1163
35845
70209
24537
18770
32054
61509
827
99969
5648
87040
42717
39806
13329
47693
73369
80896
20337
31063
63440
10989
35908
323
27206
41669
4648
2606
23314
7988
44508
74618
4238
29082
59235
8224
1098
7596
7124
58167
29198
91136
87194
84825
18122
34143
40144
67672
35598
79649
90695
25006
74998
12481
37528
93347
72701
69387
76881
12160
51661
67863
54530
44210
83240
27173
90308
2574
6695
83882
73382
51240
58969
37305
55339
74772
50402
80391
55591
48384
37312
86151
28725
18446
28911
8260
76257
30550
51415
12621
35562
20775
10904
70080
45740
36901
52788
75738
35621
16408
55267
90930
97553
17943
13718
68609
84918
87268
87536
83785
3863
61697
86124
93074
24746
71645
96795
84431
40982
8772
4704
16783
49451
58365
46186
66400
43525
87900
59839
56723
16019
90133
78500
19657
71055
27374
67441
61010
77395
56810
80655
96442
68964
54833
33887
24687
83505
70592
76234
43715
26610
13249
78910
47344
98239
37498
84170
21270
83851
35183
15596
48535
75695
94582
42465
76953
75631
32402
95182
19297
42602
47312
9734
3578
12535
46127
45306
42720
77443
37269
79798
47787
62844
92160
20274
17952
30174
13520
33555
88281
76183
19177
51560
74003
62133
662
1505
64026
25794
46449
59924
79901
63813
49199
79291
39844
71836
77571
91755
37026
54081
91128
44429
83971
51859
79747
80184
55610
40087
51022
95133
25702
96602
20975
97501
37371
62032
93983
52470
75186
4484
81457
59725
48665
91936
83605
1168
74355
9686
84511
34794
60231
7527
83012
18470
28610
50549
52764
3734
60271
58949
6466
52859
11590
17044
2341
45393
35617
46172
43622
38342
5929
27215
16898
17294
31239
25010
77220
49612
32925
63726
38043
85070
69261
10328
12120
22476
71093
68291
24821
71914
56327
77858
35107
7860
48759
96670
74906
14645
22979
58119
47973
19707
23700
76140
15208
72381
87322
86315
66494
7345
57835
51699
4975
9243
41688
81117
19795
41086
43572
36427
63320
70108
78741
83168
39508
56089
73329
87861
35333
9106
16140
25723
3246
20470
60902
21448
38628
44012
54958
94105
97642
40676
31840
40650
64512
18969
49300
68777
93859
22098
94842
99220
40772
73493
76635
22528
93712
84467
49667
96615
76626
94505
54974
36973
47807
2636
13795
78317
92275
49892
46875
29507
30765
87115
96627
16257
88698
56987
18076
97486
82186
98306
46142
55633
62162
62741
76809
31580
93030
26264
90825
83435
10550
15002
78154
28426
91227
71681
19908
66852
72314
11544
52182
95707
90123
62605
50
86327
38273
47474
19171
52783
61132
11754
17969
92949
36620
65213
61672
25500
62900
89511
70824
41159
65179
95131
68241
28172
17659
18485
37325
63265
22490
60576
7649
72700
53076
98589
38019
64521
71861
37175
31297
23700
22614
35793
10682
79507
36916
64184
18569
73868
35184
16756
20812
50724
84757
22208
3812
39605
69498
71261
1028
92994
98455
14806
14370
10297
21297
97423
48778
18388
72369
19232
24080
5282
26314
77571
45247
98664
98083
30173
53931
25187
69839
58566
72024
63507
79284
64221
72405
20414
18315
95576
3834
33558
99205
78893
32892
27157
48861
20874
67098
96366
54378
77469
23870
51930
44844
45550
28987
88807
97635
67643
30213
28651
77933
14857
61721
17048
63329
27665
94227
54406
58995
52246
39654
59081
40161
76816
68590
93039
17552
97577
42897
16700
87539
53381
16103
54011
88493
98606
89296
6486
51931
16740
34664
80708
83187
42279
36413
11436
91971
98822
94869
69206
8033
96681
63599
56159
49954
88325
22071
21731
61404
61353
35098
44405
1514
71620
46231
94871
1571
71913
71731
72116
93988
47708
18977
26394
55540
76485
49180
521
32862
22788
15571
65425
32073
93847
34362
54381
94026
65274
5779
7477
36512
89519
84834
77582
29204
84622
95625
10911
48367
93342
35900
49447
76814
93164
50148
39956
88575
11823
10779
33257
215
78664
99585
2508
19294
20451
59438
40751
65967
79774
57236
98973
71824
35647
60205
59643
74211
74880
36642
99522
57133
8085
5096
14004
94658
76133
26861
37099
71194
37094
74723
14018
26485
83589
65479
12696
52814
38586
88202
48694
9334
59094
80151
6619
26111
72848
30343
26099
13367
94969
21957
78075
75247
28379
64906
80416
47106
12515
87594
18798
14235
9987
95574
33954
51398
59766
10011
28597
88713
21508
26957
47496
77023
60374
38839
91815
56435
24738
62618
11817
57611
59940
40147
11235
25397
93001
44461
32849
86122
92929
31132
5381
83752
63172
74739
58246
91695
28443
29554
63136
74445
4101
390
57612
7163
84090
17472
46613
40910
37170
63003
76567
25384
68924
74184
65349
26373
15325
11418
7235
26841
39620
36880
56384
51138
24640
79308
73204
79753
68180
12237
56008
30157
94660
74601
79082
21691
73390
38336
41491
41627
84117
655
38831
69036
87850
95319
88620
7984
200
68660
67680
94678
5938
25375
55413
9720
62100
4500
55166
31479
70946
92839
54163
17674
74914
67199
60567
7829
17149
1742
13558
42921
84979
72263
94885
13602
5680
35121
99173
21702
77638
50040
59494
99618
52423
39429
86378
56022
75286
10639
97673
1481
49675
72182
69857
71627
37099
27585
21461
85596
74582
43984
13964
94084
20195
53398
11262
53838
92887
55240
70803
59427
48690
20092
50844
33801
62788
80084
447
82086
22796
7252
78264
4694
23224
72085
72134
62600
94467
82017
5774
44650
6836
79455
66934
54463
30589
60440
60106
9693
92814
96432
50103
93596
87775
66461
75256
4482
79698
52465
37523
5645
7271
58840
32983
31653
10435
83484
79806
19448
70075
19617
28105
90694
94151
9391
2040
46407
80785
79152
51537
83973
87143
95878
85840
36060
26660
93001
27906
18755
59071
86583
27236
72276
1593
20039
54391
59951
811
20511
65439
87214
61773
55973
52136
80938
43903
31739
15507
18340
85935
21702
37651
76994
12405
53972
5902
37400
48211
79377
50226
51494
41137
55778
81691
79972
55718
42060
76723
58463
8885
37100
44889
17073
94619
31480
90692
49153
66577
83708
70986
23792
45162
13432
23373
85853
43509
84185
30711
98292
13480
29947
81963
13173
88383
82581
84811
86351
55991
2166
14197
51831
92497
2446
57928
70650
49393
4629
80671
71509
72486
14651
42226
42746
33698
3264
27837
65859
16335
54481
40587
62479
79811
93453
96861
848
54813
61181
99345
13305
92677
30609
98782
43682
65188
85963
35098
68798
58011
26038
17323
20792
23679
61686
34123
6764
42263
45831
29489
97858
1715
89117
6952
51649
5657
81425
73404
44015
83884
64097
69980
57956
40109
26466
32398
72182
90028
68871
13932
32074
78374
48876
16675
90403
42727
92780
37975
74672
5888
22936
23467
40561
36909
95388
92871
84574
20996
81152
10086
39003
17330
216
44221
24331
68732
7592
88739
75998
41337
39186
18832
34486
98541
41421
45423
74128
71707
89120
75232
80186
52582
81755
53830
84284
13970
4992
28766
89752
59596
60764
80684
32748
37286
22259
96169
8578
45291
23330
99742
24858
30068
39560
44244
51843
6211
22996
77133
22877
62838
19268
24388
33232
31075
70281
89458
82449
56052
41214
9796
35747
94810
32615
24945
46152
5325
48172
61909
2843
51639
18771
84916
65673
96079
20448
11024
31055
69793
37547
49060
5384
19824
79032
55516
28594
26940
6511
39265
97832
2849
95746
39843
67638
94061
69678
34104
23950
59302
45267
81518
21832
13064
61957
23762
97964
86912
14000
48503
96349
34440
52213
9874
58432
82420
96890
77597
3685
43827
7084
72052
29773
78440
8438
40752
19801
71170
22498
74493
32724
67415
4363
54452
93544
82562
5237
48451
89199
55195
55556
57328
81011
6044
19283
88267
80942
41953
13792
19490
90524
404
27701
81421
80196
99477
240
32667
79563
41326
17708
44723
79565
83529
48734
19804
56656
41042
85997
58670
64021
83124
23757
3620
3812
87190
31619
46061
75970
65662
29825
85439
88826
26510
96785
41506
67568
83477
92396
56943
55289
30150
8734
66792
31535
23694
38923
36261
49081
61691
56428
79614
29079
5600
99809
88115
52798
2538
4280
21668
12698
3817
11957
84559
71126
79055
62165
12470
63470
23979
78923
70265
92555
18119
34278
1791
72079
75947
64209
21471
90939
24330
27830
97189
86600
35773
65230
90788
77962
99823
84232
57228
36498
28131
76015
19407
54863
51740
14339
44340
50834
14195
11432
62818
5409
21052
39847
74454
18216
72686
55628
22487
3360
55742
87917
99454
42088
47388
30888
80339
9747
27676
38048
92387
62294
12889
28035
48798
41137
402
87227
82394
66420
68810
12797
87297
9084
15420
33792
48010
10390
37592
49773
36886
43465
3799
18928
32101
22293
66111
98639
49910
44285
16339
66987
92158
76445
91572
81067
57884
62293
46062
19296
26814
84479
43335
70263
80470
13201
90346
97475
2243
34968
44614
53903
5758
32672
48675
47736
38274
87780
1257
31135
31117
1037
11324
82212
10529
11989
62008
31570
25431
71899
89180
13463
93659
82305
37131
12144
24967
22821
29249
86237
32940
35141
13271
82606
28959
53864
86057
89355
94016
97879
28465
48831
11493
41704
95159
15683
89838
81947
33055
87181
99984
43014
98010
48473
91702
17056
20312
6260
78564
61845
8317
88934
61973
85533
82878
9508
11910
53312
38058
21909
54157
54606
17539
98328
71778
30225
55556
45076
74442
86703
66745
80655
87274
37616
43519
96917
36016
58935
15796
92181
87631
48287
37113
74859
36824
65526
36351
41459
75130
34561
63749
18352
76709
71763
65989
98339
40665
34881
25428
91015
60703
26601
67882
91498
50016
57466
29710
76229
80848
15738
52879
3485
17528
5490
59815
69773
12667
77956
20359
24375
22979
78927
49811
35084
16821
35085
43493
83183
10836
51436
86842
56052
31285
87203
52638
90363
7005
86279
94595
1288
62314
75749
97490
35951
9134
3480
79756
60350
84490
39509
11258
77307
84436
14010
75444
95729
27952
93732
19486
15667
69203
42529
30375
15464
15856
78422
40393
6125
87738
38921
76142
55484
38645
94478
24130
95391
55211
8988
4881
94941
46235
73166
28330
27610
89056
57446
8628
89598
9638
93854
96179
62299
45698
88183
80284
18683
93012
6418
11854
940
7209
90603
22749
83031
47419
2538
25263
61684
22667
35939
13743
91989
43528
34423
56063
9879
56763
40085
27279
25137
84145
96893
59488
46279
77325
8979
60730
80546
97143
8795
89217
16667
30551
6883
56277
55498
3827
1162
52865
593
38612
49291
69219
69837
1149
37904
36367
31107
15401
73452
61859
38443
68918
36031
65135
47890
35135
32549
64386
71888
59229
68625
93492
24734
94882
58134
93024
59975
14931
3923
85294
87187
23890
39058
38104
77205
2943
13309
62972
24596
68040
20762
28292
41638
68396
35793
46325
19012
81046
33054
20326
8871
53969
1256
32528
55301
86706
41107
16544
4062
63118
21901
28767
95227
69257
96030
77604
9886
74822
53769
89440
84995
16659
24846
72812
72444
24085
74836
89930
11044
98587
93224
20312
40952
63253
87434
71346
62207
90217
59507
1095
96598
31048
22874
29055
33066
89399
36595
94069
23103
3815
87576
32110
74877
87079
76456
86030
94990
43635
42357
51920
43345
50333
30489
94599
40680
53342
15976
64635
79981
19092
17974
84892
96357
54658
58403
88016
4167
29254
75738
89069
87851
75170
39601
91642
4302
56623
82404
76754
74118
13669
74088
48617
87788
87287
50159
3572
67499
73660
66414
65120
16659
90011
61669
88720
80856
10245
94418
79071
25947
1766
91741
53960
30103
69589
57363
94241
80936
92092
89518
88669
43144
17316
89962
26882
70026
48842
44941
72777
30266
15372
9569
35162
63445
72599
14494
69215
35391
37751
1750
60892
33394
61658
1680
42790
85122
70656
72857
13315
38402
7899
94298
81652
18798
53478
91675
24514
97492
83303
66264
35518
41733
20984
21950
66477
55642
80362
10910
61911
84151
30384
29048
16939
35121
1056
4701
96533
35009
118
10897
33683
92833
73734
24494
13855
64648
32602
73242
3694
1754
89213
47144
20993
22462
35314
10279
92276
9760
69791
91334
59002
22750
19508
30109
23646
56906
69271
62821
76109
6977
80939
93229
6479
37446
1317
98286
22923
68464
99218
54311
66542
89571
14531
25979
99712
49816
54195
97408
14106
24860
45534
9118
78881
9674
28024
40998
90617
87141
44206
9615
64394
93480
81589
94547
25805
54932
13108
62042
10338
78682
15603
69874
7231
20288
12638
64153
40086
45046
89688
29962
37465
63860
33732
45275
47415
91765
99675
7408
11078
54660
3488
80740
46436
69124
86410
95503
24408
5568
22032
25273
84789
84334
25175
82877
72768
57608
54604
22186
72237
28402
1047
62453
48146
26913
15836
80440
5302
47451
59498
40942
11249
32767
18278
83178
77521
34855
31688
97625
71154
8684
86145
44897
85514
29058
52270
21547
2059
10506
45063
18641
48350
66101
73655
1833
74569
25586
73807
52847
62772
55156
19765
24585
50715
30116
13294
37921
12778
50881
57942
78564
3587
61866
95951
89661
11239
34856
10346
98703
86817
1144
74997
49852
39128
11774
18643
12100
47157
28842
57301
40274
48847
79713
35519
63694
88011
87269
67013
57126
13409
54560
92779
68011
91693
47292
15296
55639
20751
62798
29190
68738
331
75287
91590
36819
68162
65369
47852
53243
79065
92533
49781
98292
3526
150
69494
71607
23501
64853
75508
92994
74841
88385
64776
48055
96722
90673
54331
58758
97602
10694
4749
52647
66241
96520
1801
77101
63031
60534
91294
84487
14653
65477
84039
82819
30578
37802
82761
19635
4805
37805
42923
56552
41692
42093
62078
96695
33009
63330
50016
52312
47600
36618
36684
77745
24467
77171
39231
51679
40394
41083
20215
85524
70178
37291
91632
40612
92568
25870
9195
72073
13296
3109
41659
56694
50335
67849
69177
60965
57394
45905
23168
44365
19722
43932
30036
92911
25287
30380
8905
94441
645
62712
41165
52173
39855
74485
36513
76968
48767
93194
90122
19936
94237
1062
11022
48632
63819
71190
90777
17245
53267
91753
93606
67598
51549
52459
53336
39143
94563
40574
65567
68991
10526
30581
98896
82177
97916
55313
83387
23923
82670
40698
31452
481
80798
30631
92708
44066
50410
65327
68023
648
99157
6769
70820
60337
35501
65620
35496
9259
73133
26543
40462
74985
5484
57313
97911
62102
32897
66022
60737
25116
39618
49893
23001
48446
2315
46835
74763
11562
3818
3202
76611
40224
55346
28105
37425
7673
41139
80635
90728
89687
36153
69152
32520
76023
10629
22517
15821
55640
85149
94800
25372
80560
2
78799
34817
32299
55079
78944
29953
4086
82725
40164
70135
95931
6587
29526
77136
54504
2905
699
46427
55478
63820
76521
83824
18783
27391
15004
1683
16485
2767
42349
39412
81593
42217
41460
31814
5837
95467
85499
70853
36154
80392
85145
15586
33086
90128
60490
72621
57646
41345
23057
65347
52328
46393
52897
6065
25276
13
2208
87187
3092
9522
83208
62806
94741
60385
87180
1237
52680
49648
11816
29804
7307
20414
61304
90125
90031
86400
65307
87570
50283
96761
33689
69245
91076
24377
59490
28042
99223
3555
23822
28405
90026
28244
4945
81116
46820
34658
39598
12061
34496
93436
12567
49123
93414
98670
65454
29526
20786
27194
70235
35569
14957
59658
87485
17970
20271
10947
20144
2695
70263
99148
43941
36426
5979
56437
5544
99247
83931
19004
66982
59989
14802
82008
47776
38689
78066
76800
20675
16726
83562
82245
29270
49578
31850
87513
10565
43643
60407
63547
92119
41668
40682
96544
78658
57365
46904
15303
48164
88620
80173
6636
14491
84815
34641
21173
4904
50632
90934
74997
19975
94799
66019
78708
70967
35788
71347
67271
44954
10003
38588
74271
59520
52184
38650
25872
88244
20654
98766
56033
5741
66826
17103
80170
50502
61631
66601
31441
53972
91658
84639
47033
26726
16697
70067
78423
72409
75616
69546
22103
80071
60923
40258
83607
97953
78951
82229
61384
80494
42027
24191
23740
10603
85612
11028
82068
3217
41749
85111
40455
21801
10086
20258
80795
44929
40879
71341
4757
97087
92019
97992
91078
36538
42414
77202
90278
54907
16452
54396
86390
39457
70829
65044
49381
44890
815
52027
29762
66165
59511
55819
2866
23843
29059
5922
2809
2203
18554
17659
95181
2715
95994
2039
11343
14483
40986
7117
4695
36339
98887
1886
98620
93208
12950
71463
25340
97206
94653
48863
93462
23698
92223
31110
72783
54417
58290
70076
23610
4127
43239
79188
30845
64569
27855
36643
35717
16526
25394
17586
6651
47403
81429
61577
69481
57375
10251
93620
51128
51100
84337
26474
17599
57846
96242
88477
88734
67606
91687
83733
80121
91671
64776
41996
69979
18785
11957
15919
96928
37736
95261
48422
63967
77038
72454
10785
54754
81528
78418
33525
4405
19943
31697
18940
17123
89747
69431
28465
90147
71880
78110
10539
34774
28221
71638
90993
23853
88909
68243
43146
57472
898
66056
72355
6400
84556
37235
62212
50288
85201
81195
55843
75138
36603
33388
57662
9226
12957
46624
21942
63275
31365
44615
45330
20609
40042
96800
27612
76212
55986
25012
46648
5074
92237
23905
80282
38243
55223
50939
24336
16984
47430
77932
77369
7291
88182
39953
69941
31711
12711
48624
8611
86713
54199
39811
58661
83452
69070
35144
85436
93198
19277
42245
15771
31769
9483
83916
68431
77803
37434
58764
28298
74864
36175
66461
49298
75654
92721
70111
75133
94163
19272
72086
65517
78077
80903
10544
46353
51423
52252
88961
46
58617
10730
89399
8018
10737
33403
88739
45972
4551
83314
44956
7739
58379
29084
25169
95755
89601
30706
40217
27828
36525
13297
74196
79637
29133
5378
60718
68517
44436
88140
34704
76819
18889
43237
56425
25289
75145
82406
79921
18839
48035
56051
33102
14200
45437
4428
72312
38849
37181
22750
71778
49503
68413
94527
56420
69499
17071
29980
54039
98924
13401
15484
7699
52721
24660
96810
69276
21333
89127
5976
89542
41918
40325
79520
63535
81802
43576
19384
28960
77701
93023
56873
52756
97382
54576
43797
32557
7059
96888
17773
1406
35019
43610
51563
57860
67372
10530
12252
15493
17705
22507
13815
73784
70320
70178
23995
3397
72280
45714
73170
78381
95663
96119
45414
13455
69242
33470
34154
1447
70013
32220
66242
60164
9226
11786
5035
50164
50499
96254
82506
95583
76644
87397
7810
83502
24922
55400
82478
80303
2823
4747
36666
8510
55242
64804
79380
70553
39160
51666
58402
49930
21216
21264
77358
43436
32943
42956
73058
93612
88726
48817
65245
76417
34034
76814
10471
37830
36861
15796
70960
16063
23663
21593
1925
81132
53592
96497
90921
48234
7280
43505
50224
73097
6281
88303
20993
73591
97931
30304
11152
4738
6505
70359
32049
4283
37045
29365
84883
58874
13152
62583
54072
65292
61528
32814
41861
40983
97349
52695
7832
98138
17272
70887
88218
90351
61481
63692
87929
87559
70627
98993
4932
88675
54905
4518
61579
85371
52002
37531
22383
25204
26705
23103
45351
61947
54789
33808
18412
26549
66359
90350
96499
50358
98400
63265
40466
68846
72236
81879
94642
58489
64961
75312
12712
24629
58727
13486
4297
41783
84596
31734
95697
52965
45848
77488
30441
92149
32006
91031
26289
18526
84555
3073
28532
67497
32063
39205
87089
94623
82698
63622
61861
23335
29668
19103
10546
82382
245
57861
70457
85682
53004
51417
5139
7520
71363
17858
76713
21969
76235
98676
80024
51620
28656
25515
47200
1537
87383
92413
32690
80991
67882
34870
64747
4318
26203
87743
14214
76071
35034
14363
38617
62610
41695
45263
11307
55748
3425
95531
21333
81653
75226
59282
20031
43337
68437
78070
86232
8987
24920
46358
19061
23519
87560
22835
53956
42334
60981
73546
25212
84904
55935
61837
33333
82065
29755
4763
51828
72932
54814
89212
30984
8837
6346
16823
56466
84934
95579
49849
89618
14531
92812
11100
77424
48462
59679
9417
3451
72437
73008
52902
31229
82673
70035
73371
1348
81217
15858
38208
22788
60446
26635
10027
85820
24870
31049
81456
91839
32997
77193
40328
31548
47779
74183
25616
65712
20032
46046
91051
9277
15353
79834
70791
23890
96749
46155
15027
40872
54283
87579
7950
53760
26947
99811
48867
85346
22103
8373
72422
34490
38200
73475
26303
98891
6080
70353
35706
19062
10046
37081
23143
2993
28064
4078
66199
49627
92776
68727
30459
30874
56866
41707
7903
66787
83371
45276
45498
79322
27720
28080
35051
22632
11349
15822
69584
57886
88516
69191
10461
39063
50069
54927
37762
76595
83745
99697
55355
8373
23962
86565
64587
30982
11015
64936
58338
34964
63334
8389
29068
79818
31869
58869
28177
70528
1260
81769
28328
51258
92831
32369
37950
33415
77883
41753
33066
8068
15776
4144
66308
38019
13299
94175
99361
7681
15280
4595
38464
22529
5682
40403
74360
47911
54457
25849
89162
8865
71279
21991
87204
10380
90964
92834
75250
48189
6523
63309
42902
59624
220
58231
98460
86200
12826
70071
9939
51348
39998
75868
82825
18860
66140
54060
46559
33569
75487
20940
33504
74780
746
43898
59956
16941
81403
74846
41270
32408
34316
34017
71234
88020
92275
34046
87612
60407
29224
32703
37036
30388
36244
96398
52086
6668
71108
35476
5784
30388
23119
4249
61307
26375
35913
72977
59277
85791
29592
20480
35931
31956
12382
314
30802
12700
69211
78411
86881
43361
18101
9488
14059
23297
51772
9205
21701
14365
17375
62996
89010
42631
88060
37026
61299
36098
14397
25651
88925
31744
90189
83325
76577
70298
72417
70977
83801
58185
13259
39835
13535
43675
70607
22365
71241
41627
47104
43195
36401
63469
68853
79220
8628
99972
37261
75045
36287
8883
93121
59597
19283
15101
23975
95976
25599
89993
51589
28545
76440
64361
59141
28229
23288
85228
96648
32614
34439
65717
20512
62843
2021
51022
35418
74441
25798
80789
87794
54210
54858
942
94686
98240
96495
31481
33741
52443
56713
56102
84153
11245
43503
89593
75035
23187
8443
33396
84928
17528
94457
55192
21379
36890
75618
93386
59297
58993
4781
76392
98582
86855
42969
45479
63770
64791
32571
95664
51333
46706
72200
85341
52416
80583
13823
26551
6066
33552
8080
22529
82672
14952
93596
92912
87590
23110
48546
34883
92113
55647
90688
86168
14111
42628
75281
64825
15163
65647
52170
7864
90679
65398
90618
652
26686
83987
48943
56302
35674
3589
99049
47001
86655
99935
65188
81830
22988
82644
18276
66574
50491
27819
93882
61290
81009
18964
35469
18549
87857
88738
50699
84661
17829
10558
88515
67960
89904
49378
88354
68667
60165
49593
92180
31311
5087
48116
97280
50212
26801
42713
38275
69880
77924
12450
4811
42595
36884
46792
69966
39644
39131
93306
84196
78143
76310
62878
27507
16707
26141
9361
94921
21730
13867
86931
62523
74490
7244
59079
14618
3919
84926
62840
13152
92755
9090
93240
85727
7501
60229
9853
37038
167
24570
6328
43554
83991
29300
54903
65943
68351
44182
46559
47260
99052
89881
34250
80703
14792
54106
67016
94384
63430
4117
89762
91140
80971
66081
16723
90104
54126
18894
65402
22728
89607
18243
33598
47417
35155
91497
57193
39706
60071
45220
24149
41591
57027
35749
74003
37062
61491
41619
26523
72822
50082
90116
22757
41319
76828
55200
35358
57440
50757
51546
73772
27568
20932
28881
23869
98134
58654
8024
66192
35283
77288
33363
53538
6160
90728
39454
73514
7835
3854
6710
50443
4845
20771
75477
20408
21067
86055
11969
16942
45723
33215
53830
103
94973
76009
24774
80644
95919
58150
87341
72478
40180
8454
49644
61450
33516
3406
28166
51169
6904
21638
56302
89764
35377
40982
95350
92766
57650
36702
35840
52741
55197
11756
24164
79136
15693
42126
2926
95616
72436
97656
15946
26480
11043
83234
22798
74105
5040
35102
74560
2586
45896
26711
48692
97113
50595
86749
91812
17302
31957
4916
50793
59017
50118
73110
4043
85863
51549
56405
41520
19323
13164
39481
36812
50410
521
75359
90683
18794
77568
26161
9065
96003
30307
77791
32208
77745
10761
70169
30303
52436
73959
31582
33276
17892
64666
14425
58990
58980
18514
16642
26184
73624
83453
7015
21965
73234
24568
73578
56960
61024
48273
8948
3261
12575
30795
36728
84617
26608
38042
63624
37091
89833
92199
41459
42595
29679
42599
64344
56068
92712
19698
13856
95200
34652
85757
58179
60887
19182
18416
54822
23677
73665
48884
53693
43379
59062
51311
14815
12858
58827
56032
20498
85269
18289
10799
45850
97704
74187
35520
55276
61725
71360
8306
65988
42316
65270
59502
8565
74359
90413
56806
63882
25306
47188
84675
68463
15502
27836
35737
90321
66646
56736
18668
98716
42822
22896
92801
59131
97654
44735
89980
53725
9601
49770
83361
56697
19470
21532
10498
27945
36238
75890
835
91199
90547
35098
47812
82831
85986
75427
55217
21551
26169
53563
34063
84343
19575
8676
55681
92238
32862
61346
3381
83995
89170
61010
29547
60114
15132
85757
77857
17235
91377
51503
13441
91711
47089
56606
33477
99777
17102
2800
6556
14457
35721
9401
90466
93209
48804
31899
44943
37232
23199
47319
10802
68255
81205
6121
20993
70331
53104
66104
77960
3771
60912
19931
56324
77982
76439
13367
67681
66665
47445
76325
63579
63711
71529
72527
74445
65002
27468
43029
69003
57116
11655
82050
11491
59102
11843
34440
51604
46161
81459
62955
51371
68279
39388
16187
95843
85791
41410
6623
47695
89352
22063
21578
84614
52067
68934
36599
25022
15048
98943
43018
38757
39751
30213
7133
44794
2261
97478
94622
50664
99067
79692
41303
89370
50555
64488
66521
31080
68823
5358
15226
69963
51845
42055
82226
56683
92612
52239
58921
835
23063
38303
9026
83251
53479
35476
45159
51340
90411
4301
11961
94320
85186
15141
76917
79456
27901
79496
7586
63656
72531
56496
18933
50734
25293
2766
29663
57019
80978
92075
76345
75246
70351
94713
17692
17410
27792
7057
52618
10140
25112
27209
56433
31113
81554
91277
4720
79398
88852
79211
4647
85195
58933
33899
50110
9038
6064
82947
28310
95080
64984
65885
55353
98619
43755
90175
97360
53977
27350
97468
14328
41458
36122
24746
34221
12541
28676
2467
54298
81263
91634
50452
13554
72494
13477
90886
54483
90553
51955
56657
65656
85211
60329
80495
30610
20944
87890
89110
32586
26280
23756
24409
83347
9207
90885
75364
13281
5761
85634
15222
74931
88823
88474
60166
96930
82816
20475
63886
1727
43079
10028
16950
29993
96000
13713
13927
96603
91441
70035
73512
21274
80371
61472
51137
5807
81319
7634
81501
24658
35865
57609
54815
60946
18056
22266
3779
84016
53718
53073
53100
56902
68039
79644
11507
74542
37440
30613
23714
65214
59165
91720
24962
11262
78355
71003
10746
97466
55615
14501
23366
26170
38118
13531
27893
40032
34835
43843
22304
39316
6438
23575
87157
74612
72252
20952
67372
30701
16983
7166
20415
86944
79527
1657
92312
86704
71987
20875
54643
95952
28453
98271
67475
24936
2786
13093
58308
14856
64040
86466
93301
99454
83376
67186
36564
69454
32432
31699
48975
86891
16977
47672
59146
54600
99500
80599
52302
79438
30885
14880
34374
7020
60515
70989
65808
34561
41658
25284
55203
30649
84231
61586
96712
66251
54847
17111
41602
36747
91519
37041
28274
93887
46399
51060
61770
95115
60203
93684
91568
86460
12710
11523
5325
29673
34885
58804
90379
83037
63827
83329
29539
80759
62909
78097
63125
24847
8895
74296
64011
30252
56541
81648
32368
60461
47522
80806
99953
7348
47111
26953
33646
43871
20192
79307
93212
1252
85256
15694
82168
94089
84891
14608
46251
83554
2093
5576
880
54188
45365
20781
32806
11896
20808
53311
32914
77698
49296
13850
12241
52030
42762
76568
57569
71281
16309
9471
39430
46553
94571
4012
98590
87114
41057
9161
66218
90068
87084
83245
12618
605
40811
89174
41468
85733
94832
62988
22517
52442
96090
83893
38728
51537
24436
16302
42743
19887
15212
28474
89048
73049
58421
28347
86476
85179
88288
3760
33098
9027
30460
39761
47986
79519
61699
30722
83089
23098
46035
20267
39225
28669
15170
69860
9697
26916
5787
84147
26196
69896
71719
75972
73263
31921
52373
20238
57333
77425
20494
64986
91216
73743
84106
1351
31714
69745
50690
82042
64224
91396
38157
84687
92204
27312
9444
3093
6954
7284
69716
70410
82166
74269
20727
16343
2618
91761
97066
97204
91082
7674
60072
82548
74347
45139
48067
54342
12076
72653
951
39584
85188
96275
3356
1086
93010
22367
20756
84132
28897
83240
72453
81022
41983
78396
9025
45381
13491
28052
47645
41884
21718
38981
51616
95433
78710
75551
41159
50849
4533
42020
3568
94180
2126
70672
62968
24194
30054
16491
95788
48846
99109
808
96728
29508
10098
82936
23684
18280
6080
85915
71278
88544
54243
14740
46846
50813
51448
80808
58531
26215
23280
43879
32815
66826
87068
59057
10104
65077
2854
44911
90566
46407
13449
69556
52723
57102
74832
67138
96436
23342
11688
23746
67927
22256
41886
99834
28162
45422
24742
98675
51119
86674
52277
77188
19443
76142
16564
73339
4431
44673
80260
45545
73987
12172
2061
2012
55963
93432
29707
69829
97929
95935
54160
68228
13459
245
14435
13173
8915
82636
78678
34393
12284
89667
61929
51896
31404
96834
69274
38399
34570
31325
85118
18783
3565
26355
90734
56709
51217
25090
84262
3406
51814
28860
68183
20152
29401
40396
35241
1421
29696
8741
99701
23052
18334
30435
84902
46969
29061
87699
95724
72670
40641
82026
29749
36738
12042
96801
57448
83636
41870
75836
99022
78411
98974
78898
25736
1906
3364
35567
37390
47284
15011
30605
68310
1584
80454
2672
81679
8949
18176
68692
67060
88099
71863
35052
90066
53988
73536
43271
97468
12468
40887
91156
62369
51320
16089
95563
79738
37326
36522
67608
50890
97858
65562
95099
25271
27041
95400
19426
84559
70605
51677
92352
99348
96544
10972
41879
92171
37023
93760
22914
8919
2380
52841
32552
59455
20536
20635
5018
13553
52223
79065
97070
33116
18338
61814
8861
29630
88629
48663
26434
98099
37828
43885
50540
54731
15151
34386
53983
79153
8972
38155
2206
39444
68947
29145
80902
52885
66978
82358
87810
37149
66636
81334
60421
70845
88184
15144
44913
18714
7016
50504
65988
36847
40170
62533
87252
94522
11479
60605
18409
28642
25682
92722
21682
3650
39136
45651
19714
30220
22282
5878
21443
41060
21247
19745
70613
66926
14037
3190
99620
12285
82328
12897
88579
10221
64909
8231
46342
98923
94872
39040
24346
65391
21493
97878
78828
51367
75495
32414
62960
75649
42905
5249
78752
72983
14524
5395
1634
68797
50917
99093
64457
95726
89933
71412
76536
23728
57522
87986
26228
19621
39357
93305
4596
63695
20433
16004
38054
3038
87147
84087
50705
33263
96956
53870
97210
21518
71586
50883
63672
42026
57056
70414
31361
43952
79528
85595
56329
12289
35903
3310
45109
11264
59673
90136
17228
10281
38307
11270
63539
81260
8906
69463
55940
28191
41615
8643
69506
46853
95671
63762
63258
66796
21275
54432
41795
86739
91235
62853
8831
34549
86560
44127
63557
74555
13297
75381
12395
68734
43945
87596
23397
91808
93793
24111
99652
36821
4848
14845
24805
85023
85849
30746
80451
31798
69763
49137
79562
63325
61951
98092
23670
61851
74453
15116
56094
84087
70870
6128
58235
24400
67344
9703
30428
42996
8212
11230
70628
17182
73672
16386
39807
80504
45895
22769
66167
85047
95187
19125
74580
96295
45909
68054
61834
80957
53765
53597
75409
72095
89220
90320
89034
11551
19268
32126
78524
91837
55662
25920
8299
82346
62470
16670
30086
25216
31797
28679
57728
58989
455
48298
9903
49870
47978
31552
51011
45711
43988
12381
35324
45197
84755
44282
28837
84030
85040
59634
27019
66442
71489
50679
64848
15880
82433
13554
76892
18254
33639
58505
85529
92300
48947
58054
14368
69764
11848
38427
97147
82234
32433
64531
18115
94066
72869
11649
45327
41709
76958
42695
69099
74224
51950
61756
78499
42486
83976
48345
95894
65361
88860
58327
70538
25800
80849
78803
17886
90614
13375
42156
59744
5155
15693
89621
44417
29596
49931
9824
49278
18213
11097
78674
17035
28978
91059
31675
96786
57344
51262
91699
13228
7598
79521
35794
32801
62427
13797
14387
8046
46915
86758
10440
56
86917
50827
61919
43698
51361
51565
54780
1852
58925
57324
60725
15499
1755
31420
60313
88848
63534
67046
58667
54916
54246
57239
42350
2447
70352
12906
5676
49706
47315
86832
1287
58957
30513
2742
74154
34038
58334
34925
18097
75207
54077
36699
97458
83203
11128
91606
32180
58473
25214
89853
84741
99700
88981
26988
3707
15872
22665
17436
58020
57188
73320
25863
62350
62085
61341
67400
58805
93391
36648
14323
36760
22669
83019
20684
7683
66856
83311
86354
67189
35216
81513
67912
84301
2285
44921
71811
25765
48595
92871
36002
38411
99917
90815
83829
95246
30355
8392
38614
63361
22931
18879
70000
94522
3997
96271
15001
28226
96149
84944
93498
9756
12353
96407
65275
93554
44881
93000
48217
34938
8146
31204
375
99308
10541
566
84049
15997
61563
42494
14098
20306
74136
59584
62128
32168
34144
39529
51349
68356
3469
72912
60128
55770
61261
65053
64023
6315
47047
99352
34209
34940
78138
50432
46077
94790
30849
3934
6979
1874
19166
35380
93204
76830
13208
16651
6887
91231
85285
26158
29330
42442
17470
44682
9778
61703
31335
14970
45410
93345
34867
51748
76280
6160
93014
5461
36824
45901
3047
29451
86175
20742
57580
18386
48449
58874
10051
91663
76271
34285
11376
11169
87144
21442
59839
56918
49661
33836
42609
63732
9293
78043
90918
6307
76133
96401
89078
5290
19379
89014
97558
83867
95256
25116
80807
20063
60037
30249
43604
17526
51388
49697
13576
70065
64631
49143
79656
53242
92226
6728
92801
89492
70164
90272
73516
58375
95847
89976
45633
2309
95435
55056
20060
14909
54059
93967
5730
47392
65570
42781
71530
95697
16298
48513
20858
25424
98779
7461
61145
53193
36156
5732
71329
54095
6198
94182
28757
50715
37083
98755
4389
1399
76804
96301
8392
41133
76716
56239
85243
25259
82439
25841
63465
54240
2102
8182
61651
34976
10028
77416
28862
30883
65928
46437
54436
21045
63460
48302
41035
84320
53219
13363
78818
72356
78119
29996
79777
87362
73582
9010
44684
74294
53602
760
81234
55147
80567
6448
39933
75149
3874
87938
97285
62843
71510
78347
51074
92444
41853
33599
94623
18397
93485
84135
24614
30385
23142
10774
92066
15086
95122
7520
18373
44469
79921
27816
84622
97375
54668
4120
45585
69097
74737
16974
67123
15317
96312
21767
59871
5161
65046
35111
8267
4661
53478
80837
47142
3320
91659
3032
32321
25469
5139
86269
10707
64614
29889
58954
48720
16926
61466
47456
49342
50782
61446
79306
8797
79003
48162
91385
91783
86795
41498
21827
97
25401
56807
24329
90415
6397
50995
30076
93734
34262
27074
78247
4403
43045
30750
84894
82666
40775
54489
81213
59542
51723
34012
27444
78455
74459
20287
48364
18812
25444
42803
96399
88042
57776
29315
24501
95403
32610
63406
37996
71999
52772
49842
11577
52879
15114
32740
91966
83063
26341
92701
58715
70131
39049
99919
68848
88148
90195
45989
38100
54572
55098
41270
71422
47418
44166
30791
15311
26252
66985
80780
36475
68057
58363
24689
1240
17357
98935
92727
84965
91187
67365
32396
60563
19819
84277
94409
63649
70244
36752
52233
69284
87428
13503
3387
33550
74657
40368
17626
6807
87487
14555
30986
6917
39093
90004
33258
60942
96482
50066
75690
95213
74154
57815
71499
20603
86807
51915
94595
83018
73752
42150
13768
11117
51296
43877
15956
6967
16402
92724
28903
45839
36195
1488
11218
20328
90053
16109
47267
80006
26266
1108
92323
19740
5621
34914
67209
49803
85583
44086
23525
76735
60491
17461
56665
18772
81571
55253
93220
93712
49926
90179
53051
80782
93118
97059
75790
93390
6220
39412
86459
13482
45726
48140
69133
29160
91952
24936
32930
89919
1413
50277
20183
83414
72124
23938
50942
31190
34654
85450
4591
49056
2962
24904
78161
54572
75957
49166
22360
68920
47873
32288
72961
57646
4538
23752
9935
15901
92505
46933
69643
37310
9379
24831
21791
27534
80934
79850
29594
29634
97863
10644
57201
39560
66132
9275
32434
6247
71174
26262
32728
55040
19098
70043
3346
44287
17331
5545
56977
94800
56447
51170
12112
89343
96987
20998
3809
47077
35312
96141
46641
59095
31493
4788
56173
21261
34315
40350
47766
18338
88830
79708
44873
19417
4358
48342
79072
22398
91215
85289
9020
59403
99803
16169
96795
73933
4981
69054
27581
57808
29505
72870
54218
91783
62429
8235
32647
81324
77372
33311
97005
48985
89943
74909
19420
69496
25050
95651
70486
80983
68322
59399
39000
37679
76778
24346
25815
83955
54056
80894
49928
40740
42009
22838
61331
47355
37466
95554
51391
39076
90433
96822
28659
46872
14606
2867
35340
35310
12242
42463
28617
85364
68191
88583
7898
832
17353
53641
34992
47991
65561
92481
41211
64723
86167
80114
77357
40027
41004
51842
99
24094
71418
38106
94674
66230
16060
58669
36918
77123
78965
31023
33958
72636
56049
43018
15111
85854
22091
40299
338
73138
1177
5590
55905
33941
93564
69706
88530
98554
14258
88711
5949
22296
93920
71003
4907
1147
75260
54740
3793
68938
3255
13090
2529
55945
53186
33429
72195
92783
51600
32455
62077
67088
98619
26790
96762
60908
31861
16810
87209
12237
86185
71282
25478
40669
96164
29060
81413
6946
19983
69233
15943
21900
30942
86952
3103
6879
75248
24178
40199
38998
3391
93415
25904
58153
2391
22397
52789
4794
66214
52585
13897
35405
45105
55697
89057
41918
32428
55404
13920
13011
79017
32194
97452
44404
99029
95037
94081
32349
62326
81955
34993
43550
21590
83718
3822
29307
9619
90632
44157
41910
41792
28621
8120
54354
92183
88069
61753
3318
49677
72320
19096
18026
65584
34265
7177
41469
69151
84145
37066
60068
87686
46381
70736
98817
1775
37551
39490
25364
14416
7982
17543
10281
16239
29721
60569
16495
36334
54161
63113
97489
5830
69811
21052
35100
37845
63039
28798
81404
51052
53057
85096
62307
24953
41833
73233
76245
78848
32970
3419
13880
51427
95166
89853
83888
97581
28083
27881
28957
66560
85129
61701
520
57181
96133
77370
90322
29983
18127
43262
77608
62888
64396
14560
79079
14947
38437
57599
47126
13462
20655
89784
2459
31316
60311
38330
2397
95531
69816
74099
34262
48548
12608
52377
42617
42570
76309
97259
32241
61708
38215
84497
70841
29458
16083
91086
48119
8917
94533
76260
65202
40076
3702
10069
78536
15005
41715
34166
55376
22765
29228
77170
68347
34795
94817
3961
46171
25296
54868
67799
10024
18129
72732
67039
17451
84658
47911
25255
81638
46643
16840
64438
38868
18731
99693
21551
81768
58934
28285
91565
78228
66364
8884
55494
1782
14120
99179
62991
91283
71000
26667
54393
87518
62746
13160
45743
45531
9890
53502
93036
24639
23125
45528
54266
7854
39002
31730
78909
8861
74958
3662
18417
27658
51436
61052
56083
79549
79230
4845
67489
55652
11082
60600
64259
43271
29826
36844
22662
34309
71577
13193
31616
81963
78390
22687
96917
96068
72209
89778
45605
78860
1732
62788
600
60059
85283
70027
15136
22239
37377
35068
79328
15990
94679
63139
14910
77999
96545
32873
81658
66574
17834
2636
14247
79937
17257
89494
70104
7031
14730
13019
61335
28003
24911
77622
3356
62913
93840
14806
49700
31207
4462
81637
5939
61553
76508
18588
61099
96523
26104
1126
90
40530
131
39195
92900
77985
81105
44235
28248
14834
36549
23367
61800
23204
13349
48748
47252
78944
86498
83294
19567
76001
3109
33752
50420
63056
55469
98384
38755
63784
98687
83841
49538
77438
60403
76804
98395
90566
32729
69698
82775
11215
50374
84512
57847
59721
89802
39083
26624
42728
60042
81548
61867
47762
5253
90664
46177
25567
49795
37091
107
60442
88407
18636
9056
86483
58934
66442
41189
71685
42492
64906
13999
23566
1700
18826
18663
12305
17796
76478
11350
37365
86320
40026
25616
83427
66547
47145
82720
30762
63826
75035
11608
90331
18135
89900
38930
3246
43816
96623
48778
66490
2823
21353
92859
86694
52146
62480
94770
2089
1486
58823
71818
62789
85384
42338
41382
81447
69688
26898
10385
40332
84822
54985
66980
99694
33348
56597
75351
63937
23497
36599
25353
5767
63587
17715
39050
94466
59979
26270
4025
49217
65409
22054
31918
44441
55133
23505
46331
60172
11340
79603
4065
85343
12573
20177
43423
52794
1397
41655
19828
30238
39329
73433
15118
28714
67891
43674
14272
66729
57309
46864
57717
96894
90166
26876
49742
12715
33847
22096
54273
38397
53485
62323
77905
57198
47590
13917
99834
26925
13066
89821
58173
29992
7339
56750
56022
26499
30471
42941
9276
49736
39353
3728
74197
89697
70721
56397
22477
90077
46279
61359
22290
48685
55854
46591
76998
58127
89747
77796
79831
16562
97341
65952
2660
42205
40694
62560
93729
11542
39095
52161
80601
88611
195
12451
18837
28192
74946
32169
17026
81393
4580
97402
36536
22948
34407
83942
42530
30146
57485
23347
48971
25359
89324
8871
13812
87864
89093
1546
33540
42352
80273
78943
16329
1867
36021
63492
50324
69762
64802
59707
69260
9909
64962
41431
80865
45458
2119
29582
53227
5090
31251
91168
29116
63408
59042
86095
61299
81867
95701
11436
74792
95252
39780
99235
38832
2136
30464
13540
75312
39149
31254
69189
64012
30425
51627
741
34846
96256
82543
71416
28968
29333
50224
75094
803
59856
76400
75753
24226
97841
12485
25910
93475
68992
11298
37060
99559
66432
15362
84770
34604
27059
53668
32034
7128
52871
17595
7726
54128
59633
54745
9100
66853
36078
43628
77027
41319
9241
18185
66839
61374
74513
5074
86814
32753
10872
4441
36328
15748
91941
28733
4380
41033
89329
13468
27835
51635
86331
40045
95098
28916
25165
63768
97140
74211
56886
62889
79069
71662
54792
7779
74843
71736
34454
69272
93242
70661
69220
12323
47769
88120
19910
28106
43828
72086
65687
84665
15662
85420
71100
38554
96852
76856
26149
76764
62845
23224
7932
43608
5723
54042
19031
82579
57749
42839
49541
17491
30826
86727
12732
32992
96044
29851
63699
87692
90779
92941
46830
4355
11075
57207
13486
4583
82794
1547
97888
86015
1279
74911
52799
66876
38645
47304
36796
11485
1651
28011
20514
89888
99041
80316
79065
64696
44409
74550
57724
25075
47212
19362
75670
12956
84189
25793
81465
19853
54317
25892
12797
62721
77027
11398
49030
86730
89689
2073
19939
59853
1426
81406
26979
42991
38457
72527
47874
80949
31222
48293
37620
38521
6615
76779
81832
90419
50019
63792
11495
30705
88323
60724
25786
76371
43631
84207
2131
64045
69887
53275
76424
52890
25645
55658
64916
92492
90942
89330
19932
17588
31407
59060
63476
30284
1891
65016
68428
64388
6964
13432
49541
19807
28538
76723
79409
88643
90178
13599
5397
4863
51946
44159
78914
23881
21700
18009
51178
88848
84283
2293
65507
48985
92168
19578
80175
76765
34711
58630
77410
78417
96052
34322
38050
68278
86101
12541
74862
69244
32566
69188
61966
65078
33643
62936
40038
16652
86848
2778
98597
20522
70953
16358
73463
24695
72678
97371
41912
11651
8967
63452
76184
43957
51068
45645
49799
29327
73778
92270
39539
55634
38030
2248
11416
84997
66008
34492
32649
54028
88670
10774
53207
91323
10087
21710
82053
1084
38080
91567
97081
36597
26149
44973
78578
64694
79084
34919
76970
34299
75730
85081
27346
24430
64333
52756
89266
67908
68427
49597
95526
28127
32652
6918
10837
66695
50095
65629
96723
93264
2472
80053
80021
49342
45286
62837
28246
637
22259
65104
46701
32073
99748
28084
38916
67641
44697
93326
83037
50845
89996
5557
37442
42818
10749
13419
7520
73441
46345
39092
35023
38788
39388
34448
50107
45530
13281
11225
3261
82860
27917
91973
96486
61455
77755
38831
21410
10872
50670
41594
45111
7388
14138
55301
48898
85303
48793
97219
30868
89813
46774
4633
16732
4714
52283
8257
6625
90583
6771
7159
92843
78598
77420
27468
83395
16429
26889
85961
71284
92066
93555
5235
55737
76170
1140
36644
74128
75821
29072
94258
54317
67040
77676
21004
63619
29140
12702
82288
73185
51044
61381
40445
74427
88448
15042
98981
86168
16552
91207
86414
85745
2640
64141
73086
89418
40256
26494
26249
26854
98733
70195
12655
14082
50818
2813
97823
13041
95914
78526
48756
54175
37904
46123
87585
6218
58803
50028
33221
15087
26321
41318
39757
42231
18298
10380
57708
26283
75007
51772
14241
66657
54122
23062
74869
51111
52409
63757
43443
24591
31707
48358
4144
33288
17089
2880
27559
39950
43724
15830
55324
35854
69171
47875
26602
91657
70885
48950
30265
12320
56388
46583
24309
57704
65132
2653
35493
65861
26470
65353
66691
26836
93496
7931
62859
27331
93469
64873
45129
45247
18570
78599
55228
57484
1435
18860
1301
78918
95393
66976
41339
1543
65296
49482
31513
86494
96318
36170
78012
92139
42086
36218
73191
14783
60478
6772
10089
66221
30030
89742
61603
63214
89098
23270
38898
97254
94346
44662
89027
62032
26456
91050
86515
28111
88968
16466
16260
48225
19787
64441
99893
6943
86337
44909
31663
5326
18161
83953
35714
34766
63815
99850
9105
12986
85199
7270
45401
83888
57973
67796
19980
4551
74848
49112
60800
61089
12759
37131
253
47005
53162
21293
99893
92886
49836
18471
47778
6214
23408
9145
88945
30077
88030
71359
93231
81768
28499
12807
70033
36491
97270
19730
89462
27419
62623
12972
77473
93095
31751
90699
59241
72149
23839
92522
41624
75717
68064
26749
36990
98034
85965
72243
93457
70514
17852
71849
70621
66701
9598
18209
16346
44880
79949
93773
28620
95186
72858
58561
99901
43544
77047
85654
73452
55063
91735
72939
39566
32511
67892
94976
81856
36520
46080
27252
73613
74450
23187
12869
56
29851
67762
48752
44226
56081
88016
60576
72110
66134
75468
8246
58482
28441
61844
67202
71884
75294
55916
50552
23965
43629
30411
33115
60938
47528
70251
25579
74794
75296
22104
33635
2883
1260
2132
91434
90161
90376
36786
46232
39635
96805
98473
78864
63587
20421
35624
87461
85072
49635
29840
79807
30126
68308
4270
57573
53077
86699
30064
72578
88155
51785
21717
5687
94957
81170
52463
50768
90255
14779
50080
32389
7772
19732
53136
64622
58020
69379
11436
26102
95619
50032
43212
67290
39012
82566
97229
25099
16456
12553
28587
75405
53217
67022
62126
84329
7306
84752
33563
30079
63288
10463
30303
8054
76804
7195
44837
19671
56364
41502
45235
19117
88191
38517
38614
55490
64491
12136
56582
7654
19376
2121
7916
68305
27094
86730
28323
93706
57303
88892
30047
78520
77217
85401
81289
39845
17638
29197
52951
83804
14937
22620
96206
12385
36286
73974
35368
51244
84917
58293
88505
76580
28182
73512
3221
8056
91973
72250
83659
3436
65261
4155
51881
62945
48768
80826
11212
47004
8580
98710
66554
58745
77437
35399
81328
93993
20554
29013
31317
8268
71517
88840
19165
49865
48803
33538
82171
59213
21551
6202
79464
775
58341
11472
84482
20284
76687
79433
83745
826
17144
48499
8657
25333
42444
86784
3918
41099
59463
65465
79848
27896
28112
53220
79091
2486
78289
20684
17418
99125
79548
99073
38197
59979
45695
59293
86944
33736
18118
44002
60037
12781
28598
1290
92492
2152
4352
81837
55961
44274
6616
29998
73006
76463
22674
6482
46518
6691
14090
85249
33800
7626
13353
7668
70347
72813
14067
78064
94036
35820
76131
39896
37256
4341
67255
91608
48680
21868
66391
91175
10281
64164
2867
19842
65642
45676
91772
94492
5900
36981
29536
92316
79850
58685
56448
4037
39871
94702
94083
8270
9245
12908
25328
23359
71513
67074
14856
61269
31950
6854
20925
75432
30705
33320
84922
6572
62384
34858
79855
41112
86306
23150
71330
38185
28362
96803
64983
98471
14243
26155
58636
91993
72053
46986
26533
66371
7876
32945
89374
17453
24737
78165
93320
61586
4812
31770
15131
4877
86985
61030
69196
42084
99004
38398
8864
98067
99672
32430
36977
1128
8116
18940
77348
4258
80053
35958
29989
42758
75460
45445
63848
81495
29436
92940
15582
20041
68338
22774
17834
23181
36126
44601
44580
51241
75327
1258
85406
81838
55887
87894
14319
89630
73612
19771
37523
45915
41710
77238
49542
85092
89296
76618
75003
38839
99590
38083
55114
28086
55696
31442
39028
44670
57474
43899
93818
89685
38304
73934
19073
27976
45592
40684
50261
25575
39511
99224
12937
4812
57648
87581
88028
79026
95895
6737
56714
64407
19513
2220
48114
38576
30025
93483
2296
71842
10177
98412
86229
36714
12992
33183
37389
4551
87059
31811
43385
1180
76574
58525
81180
43684
81808
74180
6705
48735
50814
26511
62242
61400
68401
12431
84257
6947
42412
90831
9947
6486
87538
6343
50879
31393
4035
82462
58657
42541
99781
23826
15249
48377
84176
64602
18008
4854
83090
40621
65485
33184
70589
41062
47120
60947
10731
18826
32161
60956
47545
13115
5313
81360
65954
1594
80911
14647
26897
17421
25762
20642
83959
8745
21862
85622
37075
61003
31305
20180
98224
7912
37333
37903
32249
59807
82274
72804
74959
7923
87851
95906
93226
53627
42921
64207
62547
68794
67765
73327
67719
96217
25975
9729
81718
50954
92238
62085
98452
47912
20502
30528
97011
3140
76536
20346
77065
43350
36127
53001
74615
49269
77272
72351
61287
85858
78630
72964
58953
21618
97058
64400
30648
20498
5318
99535
64188
79585
38681
3657
8751
33119
12594
57905
9212
6118
83147
70323
85144
13268
36058
93889
50930
66443
54806
56321
34354
54993
59058
59590
46805
39121
40402
73471
59246
40065
814
65520
94710
32855
28059
52741
61228
37015
29334
81671
56069
39568
58468
66281
97808
56529
65727
73423
49148
17687
51469
56338
87554
37879
39629
3478
25383
40839
80233
91041
34890
89293
14402
1513
44444
7794
41200
3506
71986
46144
47245
24484
86970
91840
81945
59719
42196
83164
94674
85576
65125
48671
46494
34180
35002
51013
30868
28930
25238
39949
63320
61382
38387
18329
99372
68167
73536
34376
46410
24047
1902
79375
39910
45892
53780
34467
94905
37581
73120
67060
96379
93477
57056
24813
901
72251
87867
1307
4394
62532
14523
82659
3193
22319
97959
57125
89832
54108
61673
47403
5904
96758
85751
84787
86874
89280
88466
72048
11401
58117
2002
51
30367
37056
74797
29888
58893
26234
8678
32607
30018
25853
87329
99775
43977
36607
79417
13624
44759
28654
94977
58041
75863
94641
71045
52377
30033
55474
56022
13531
11883
94721
62048
30125
47520
68562
30291
33723
18252
2990
37757
98496
26802
95753
64210
98764
70205
40358
26998
62157
4385
25024
16215
50695
55279
96876
88998
39692
9206
89232
94646
62497
27531
32445
86340
22671
49255
23038
92680
76521
42758
51591
46489
97652
87970
2941
89247
39417
48020
32923
4636
67047
88118
7236
71789
38761
88794
17159
90549
8625
94511
45798
84608
93390
22111
25089
80310
5109
67811
59078
28107
88773
64316
89825
11409
66285
59189
32403
78187
25137
98783
7502
14673
72836
66806
72403
85986
12318
29050
47520
23200
90482
15041
27177
58798
93497
90545
93321
9200
57396
45405
41689
22807
33048
54128
48630
51887
22235
70150
24305
46672
89764
79052
62805
78679
91999
71845
71394
50945
37655
60157
78303
92901
2381
1124
19116
48256
45762
14630
74048
15249
68142
88727
38140
65428
49620
16300
28324
6556
96404
27378
42387
67038
75484
11686
50177
40408
73064
44970
4470
89570
53258
7710
21249
48905
48518
7738
73866
26966
33855
91612
40723
88480
74678
46839
24736
69237
24465
26202
4074
49883
11764
5935
40033
58687
95691
95971
65590
75619
51335
13861
12968
89880
95891
45344
10833
24012
11567
96529
2660
69847
58205
84977
17401
63742
19838
87167
3718
87953
94781
46098
77912
31204
93882
29932
65560
78211
35982
21950
15810
18669
76081
15322
25017
64300
12241
53429
42494
91231
89224
61737
46538
53030
31244
82387
33707
93884
438
58135
46422
87968
99978
50793
84391
21587
48916
5883
87370
32580
96162
95183
86461
10366
9550
68613
78281
12047
49613
69253
88040
48217
36124
56798
83585
61096
94430
34956
64937
37963
56416
67718
44548
85631
79663
95192
24867
14254
54467
1421
44700
53976
57324
30476
1733
92960
63464
88434
56388
2741
12658
44200
97597
15616
18713
70726
76754
24860
81399
14511
70898
66047
34405
5205
40918
19796
59785
51049
85042
89447
44007
42301
5762
64024
11166
19365
4029
36315
4519
28213
46388
92673
11535
63812
9474
48726
43762
82579
78558
63540
56915
26886
11511
95922
26129
90923
44963
58872
63284
7476
62517
22130
56008
95748
3470
39225
31406
97846
18147
30596
80928
62061
3384
54910
18014
34052
1915
9013
78841
6048
61269
32225
87218
26584
96372
83463
19246
5901
60335
50704
32382
50390
53200
17252
61782
36712
45601
97578
88988
35378
74540
8890
96907
30423
95620
44763
12823
12336
860
3304
27121
95580
52150
52271
11147
54043
42816
47376
38023
73929
73012
89758
47184
75201
67402
18755
44982
24671
55646
35261
94333
53490
61660
75576
20104
8712
55266
93081
65552
74105
47051
94719
77001
12802
86675
26270
60880
70149
58121
64718
63009
55892
96054
23029
96832
59199
62770
57722
50769
11190
4612
12239
65348
31873
48496
61812
9193
64187
5497
30046
59195
89716
98637
34708
47911
27110
17424
5287
42710
73971
29346
89266
54158
8773
19626
76926
34118
61881
41313
46140
7348
98268
12699
42532
77601
44156
39620
33519
28531
57015
298
45339
19679
14992
27175
62197
67504
96308
38235
89813
2158
71121
5826
27552
75041
51371
97483
62374
70634
97832
81395
87257
74241
55729
86385
11775
50315
59242
51070
809
36746
54768
70505
68945
26566
2998
24855
64422
91921
45298
84814
30801
33365
65088
21705
75686
90201
88558
94506
33338
49763
39953
75261
89539
1937
94568
56429
49669
41484
27310
56921
28968
75111
56639
99649
79296
92760
68491
72513
42194
98360
52631
28472
21540
83684
5831
45645
29956
61363
40276
84773
21284
49861
60114
58842
39165
64654
62841
65758
59928
78798
2259
33337
88270
46264
2695
56513
6389
11857
39780
50328
48295
92354
73173
43319
1035
98175
83346
71452
80567
23455
18236
40012
48771
93169
59248
39641
27937
47630
84642
33575
72030
54567
38569
30919
8507
25791
70172
28508
79978
84407
14420
99565
8294
11352
34616
58795
31618
95233
18315
29128
42697
78301
28137
18969
47889
33023
40355
49198
65856
86002
99182
80606
8857
73748
45570
94901
48754
64497
63239
98521
37047
65859
3655
8809
52760
47785
10152
68692
64101
10971
61266
16654
46843
28578
59567
36528
87475
692
60078
3233
93043
72373
24018
77647
2775
68747
90150
90843
45303
73916
1336
15003
49386
26395
11370
45891
99493
75385
39410
73731
41703
82304
40408
18087
38776
87996
44912
47687
72478
37177
92841
39230
36238
43560
68701
28988
65688
979
91743
70434
41404
69050
64914
40145
29683
67771
52250
41432
98974
95621
28359
45875
47651
36990
18043
46747
37388
23836
58673
25468
41770
57303
76713
15181
96388
21923
4728
68653
25322
93906
75824
17545
91089
73484
62763
93447
64961
80533
48703
83234
3732
68262
83691
26726
35144
71274
77755
90251
23487
87924
12335
16178
46719
74042
79935
22040
14035
69286
27515
46861
85216
86732
34632
87137
12530
56864
97136
49983
50732
55700
64590
63488
70914
66148
2428
90669
71389
85703
16231
43018
77561
2350
43053
75181
69638
70822
95754
89671
53697
14371
4853
98785
85037
79883
41774
50298
37652
46322
91325
29075
58528
14331
67150
80314
24839
24519
25491
64397
94766
45985
66543
44211
61398
39487
84247
13392
56538
84619
9632
69185
82478
65853
6638
55584
56988
15168
40882
84439
20421
14078
65820
97985
46126
89861
72225
68828
93270
52443
80228
63193
63738
8898
96297
68576
60644
45352
30845
39442
80243
85371
39142
75553
77102
79759
96744
59441
93807
57348
50441
93658
21631
47629
55779
37288
1492
2796
4018
63732
91262
64992
56152
46488
59507
62760
82624
75427
7774
31170
68895
34012
60787
74432
35344
23484
75669
5746
25934
25178
91629
23343
14157
36678
42417
93592
36926
59217
88632
68287
67618
89891
59620
24962
31933
71225
66282
73208
24071
4746
90747
35290
47507
71077
83307
71195
25723
25843
95817
6337
63990
24384
6111
17007
91820
32620
82989
71810
90093
95576
79546
16621
39766
26305
56279
72293
96188
63349
62883
9388
79433
59832
75351
15694
95287
95306
10643
88317
31160
37482
80026
99180
54763
37374
4956
2741
71905
97270
89178
37244
32959
98685
64391
68673
41883
43041
50850
57412
82652
83893
11467
98596
61791
21307
43837
43461
21950
24919
67935
27769
64879
30081
34328
23855
56865
41242
67524
75236
54598
53368
21917
18169
85889
26029
74412
40396
85086
21081
91099
47622
84062
93482
88971
16613
24597
36209
9388
49131
28129
35650
67253
93996
30047
70851
8110
25852
19675
4767
25183
55623
2209
1536
96674
83033
41270
8766
44305
34501
90903
44863
90411
84436
49147
8540
75163
47118
65500
67444
7143
56878
45355
20210
12621
41057
88147
17724
80616
18561
9719
60672
20484
68294
21220
98883
4273
308
99162
18922
76607
89827
99187
25497
56754
58168
99772
90833
17680
21440
30659
30561
64908
12543
26723
88112
88127
78652
36558
86575
71646
52252
18630
80457
95003
55699
46834
54469
92326
95006
15153
87998
73931
97708
13831
92798
8716
26898
65045
29206
55770
85734
62002
43001
82948
60712
14926
69507
35908
10710
13192
68477
80980
42793
38730
61347
85507
898
81318
19852
51063
44135
20612
71436
633
64133
56608
45700
97132
95664
39132
30256
56845
81981
44313
95535
10321
56385
77855
95240
55072
26063
74306
53739
95015
74089
50109
14896
20659
14235
24437
4600
57225
53165
60755
74136
61913
70112
45667
9957
20517
16217
8913
54725
67308
96655
60817
89530
96272
36498
46537
2893
88580
91074
3574
51324
57164
51699
19954
9591
73997
71938
78679
79597
84739
62973
71172
1859
44542
96882
44748
82846
79285
26526
4974
16321
33864
62211
16200
14940
64795
51350
10928
4069
86611
49865
84281
52757
60821
48437
63402
21231
69867
1968
81830
92347
30516
55264
43609
36706
98327
80328
38744
78023
30953
86174
18998
73861
27058
14592
63896
56187
97335
78567
53483
8534
75477
30548
15733
4495
87215
13365
28149
42169
31382
33166
86816
69765
53535
30363
23105
91088
96417
59261
16739
4102
74154
44845
63912
8975
89578
99066
83517
78500
26717
371
8672
57327
32750
78826
75682
32652
54578
77612
60268
94038
23286
9449
44547
70478
64781
98505
63559
63758
35128
13300
25491
1545
53010
12511
21107
85119
345
3226
32772
70289
27152
42116
39361
92728
96095
50084
29444
12749
18774
34143
22885
22931
7933
60176
34514
56948
35191
81106
77628
21391
78869
88464
99283
17473
84903
3497
59638
93217
9977
3059
28052
56717
5296
8008
54475
15210
28464
84336
90895
13132
84087
14832
47568
87417
11824
80968
60336
38742
48568
86003
21671
79815
62928
77473
29790
76530
44899
70972
98447
57051
12754
81262
32050
27923
60705
72274
53662
76778
13466