50360
96627
71748
65367
41458
84175
4088
15281
77272
78022
31022
98508
39315
53854
18485
95402
17615
74409
48408
86467
57949
24505
59258
14954
71582
97601
82084
966
46115
3035
12262
70747
22804
69999
53847
60994
81328
15760
45357
63159
22986
57241
66967
13869
52896
66594
33206
97912
52034
7460
39195
5279
43194
27283
92302
76075
93441
72729
21714
84952
62387
53911
71801
27240
75119
53419
75160
29737
84273
92781
57344
37915
25959
38964
58894
34504
88808
17288
24066
16820
42063
40021
24829
46043
77107
77385
7187
64818
90371
2517
1773
51916
2130
67717
36141
23881
52218
58270
17797
9805
45130
42413
1536
29246
60088
59357
83154
76237
92979
14228
20723
69542
6229
84746
34055
67165
14187
22199
54618
28266
25918
1290
81152
60178
84215
95314
75798
49094
12340
11493
63256
49044
89734
81926
96455
29095
87245
57897
31151
51631
75966
41346
57118
81927
32879
22342
12075
76163
42243
90450
49907
34142
35484
67669
46193
49943
98618
58292
59039
82850
93984
76930
8528
9407
20897
44131
23450
45874
99097
9240
26097
86952
7965
40896
14541
13838
98813
44998
83900
74093
75840
76186
42566
68991
77955
44379
48731
39491
32942
37183
55615
22354
84745
98307
33038
68798
41878
55769
15152
18709
90387
44150
35991
32981
63453
46817
50671
69631
25845
13544
52380
77978
64672
89670
57135
78238
54674
24316
27797
7469
27320
25594
801
13435
84460
92440
17144
14603
52529
9363
65712
37142
9841
92253
26252
42629
1041
56240
64445
29484
42441
74127
78089
43405
71473
68312
9727
67571
23627
7670
56154
19902
63646
48841
28833
69167
49406
94860
99312
49194
7871
99432
65326
55736
47343
63263
32978
23109
4489
41706
63806
93805
98898
58880
86309
10061
63395
6490
53293
97297
17111
5091
14604
64718
88893
36149
52545
34529
66192
49679
52499
38984
48055
80422
1085
30708
14444
75620
44813
72477
72308
91144
45836
2198
46259
47832
56058
7386
98109
27395
72385
91696
79763
35901
119
94076
36109
60604
66142
75758
98948
71881
64924
46132
85899
23495
848
64393
98975
46840
85951
2648
68287
53803
57473
11729
80375
68704
23004
89686
81899
29328
35035
74330
22587
25867
41944
63110
30601
44119
44922
73451
67693
18958
4258
30589
32339
1433
53936
45127
9569
8444
86087
63255
19692
18077
95403
31114
94851
17156
73350
5780
55860
75043
47609
75792
5004
12379
20356
84767
77325
27350
80626
15488
6422
37488
58042
17888
66033
10515
48552
75513
47025
44163
85890
15768
35183
49934
10499
63932
79786
68405
48231
4551
77961
676
48567
19325
53640
58719
62139
91187
31529
71715
15948
82516
50187
66558
64544
59154
16865
40573
40508
17527
2033
9896
47217
5585
97198
88347
58344
32958
87149
88908
2307
79009
91414
54721
3649
26153
41214
46001
90803
43851
15540
84046
23881
29452
58184
5872
51951
62730
16959
81067
53046
98099
53952
66028
1255
36737
12773
20916
68169
51324
82585
27609
80565
65534
48664
67234
88208
16391
64022
12537
54698
92635
95350
37741
31782
9894
28978
56146
33031
65900
8371
41202
26478
79409
28156
56847
64213
5139
67835
61607
28901
63889
21584
27792
83466
31527
66417
63465
78336
86023
76383
61056
19649
42291
584
407
95711
60433
57433
11058
6245
56629
74647
16049
21150
43526
96094
62626
81096
92053
42503
72220
78340
96396
24812
96413
12967
16173
21646
97584
29731
45077
9594
75373
64834
21822
74171
21343
87993
93126
51938
29661
27169
99914
37956
1571
37159
98060
60370
29240
30102
96699
20743
56942
38789
16466
99879
94336
88432
19168
10861
89846
7106
10951
78529
98670
7408
80372
57111
15958
86266
16325
53740
75544
47493
35604
83245
44250
76815
38703
52389
47086
92058
88102
70679
76759
57901
554
32308
79716
51171
30688
97341
34714
34577
54429
20200
98211
65888
70828
22760
2770
91177
65399
62318
84668
99626
4180
99011
56887
35429
85329
98461
56068
80334
16364
23272
86814
95801
34079
36508
67691
69045
55952
93848
96799
51643
65827
36716
43083
80163
70572
71680
28268
91533
88024
72099
66774
77185
92208
91718
78754
23405
97075
47574
22099
30426
94589
33369
79930
31609
32998
11578
47179
21607
88921
40950
64587
81937
11099
90268
4836
15654
65812
65247
62228
9482
19007
49468
73751
43891
52680
64127
88121
42196
36927
58142
8703
41922
15496
16342
46006
75350
40014
49561
41019
88977
22950
82948
9007
94172
79365
3764
3844
76479
73640
91183
93876
48339
4637
5144
93788
64950
38025
59676
75111
79246
41006
46307
66266
7163
8212
27004
4946
24619
59232
76132
1613
38229
77886
61190
37165
40497
20880
25662
92220
19423
99426
66690
68197
77983
98539
14541
44771
7047
17142
82474
23963
3134
88263
94967
67733
51131
69298
37636
5580
21469
13292
57351
51395
81684
84248
66990
829
59419
17686
56529
43173
95655
52231
80261
69326
74260
44855
53772
34605
98911
93793
33800
97455
347
30856
4032
39575
39545
81095
6256
51444
41231
98466
70298
9445
98187
63845
23808
57125
86389
2997
23113
32224
40000
40843
16066
52300
54362
64324
46731
8014
88347
46207
35661
59290
97418
42432
53131
77719
13271
96536
9521
36883
21430
37798
70830
52519
51934
61404
51893
96578
60263
29801
59451
51290
4238
30487
87940
98577
13955
97626
88086
44701
73955
64921
91543
56268
52377
7829
96967
82544
38497
40474
28693
90382
29158
51329
19940
97442
15720
13002
34900
85274
66581
84869
52592
51937
83833
78072
26076
6365
87957
79932
54854
8187
48008
66654
96710
19087
11489
8144
61147
30797
31578
21487
91957
50064
75735
47991
78887
48406
42818
14808
76974
84341
66912
71681
27354
99218
30338
62860
6959
65855
52463
79070
15741
88337
90191
65018
49185
50187
2596
23294
3542
43818
30207
17018
61849
68871
43247
72671
4975
30679
78829
51219
13963
98574
93881
69395
23202
85034
54236
454
8410
12312
87229
48397
8971
26940
38885
17337
34502
64510
92606
86873
85317
31618
60444
34378
97484
26673
31998
32628
23211
72313
85144
41707
8749
58122
87094
66278
82492
43665
10268
12766
63054
19658
58240
56432
44679
14846
38296
35404
59961
44383
85474
72353
40657
57247
19119
65415
29205
33455
31971
37750
4219
13007
24279
28392
9578
63499
73754
2697
8416
17042
39691
88427
53368
58845
65443
20293
35506
15044
30332
48429
42382
33026
69198
515